     1     1     2 ar  
     2     1     3 ar  
     3     1     7 1   
     4     2     4 ar  
     5     2     9 1   
     6     3     5 ar  
     7     3    26 1   
     8     4     6 ar  
     9     4    29 1   
    10     5     6 ar  
    11     5    27 1   
    12     6    28 1   
    13     7     8 1   
    14     8     9 ar  
    15     8    10 ar  
    16     9    12 ar  
    17    10    11 ar  
    18    10    23 1   
    19    11    13 ar  
    20    11    14 1   
    21    12    13 ar  
    22    12    24 1   
    23    13    16 1   
    24    14    15 ar  
    25    14    17 ar  
    26    15    16 1   
    27    15    19 ar  
    28    17    18 ar  
    29    17    25 1   
    30    18    20 ar  
    31    18    21 1   
    32    19    20 ar  
    33    19    22 1   
    34    20    30 1   
    35    30    31 1   
    36    30    40 1   
    37    30    41 1   
    38    31    32 1   
    39    31    42 1   
    40    31    43 1   
    41    32    33 1   
    42    32    44 1   
    43    32    45 1   
    44    33    39 1   
    45    33    46 1   
    46    33    47 1   
    47    34    35 1   
    48    34    48 1   
    49    34    49 1   
    50    34    50 1   
    51    35    36 1   
    52    35    51 1   
    53    35    52 1   
    54    36    37 1   
    55    36    53 1   
    56    36    54 1   
    57    37    38 1   
    58    37    55 1   
    59    37    56 1   
    60    38    39 1   
    61    38    57 1   
    62    38    58 1   
    63    39    59 1   
    64    39    60 1   
