     1     1     2 ar  
     2     1     3 ar  
     3     1     7 1   
     4     2     4 ar  
     5     2     9 1   
     6     3     5 ar  
     7     3    26 1   
     8     4     6 ar  
     9     4    29 1   
    10     5     6 ar  
    11     5    27 1   
    12     6    28 1   
    13     7     8 1   
    14     8     9 ar  
    15     8    10 ar  
    16     9    12 ar  
    17    10    11 ar  
    18    10    23 1   
    19    11    13 ar  
    20    11    14 1   
    21    12    13 ar  
    22    12    24 1   
    23    13    16 1   
    24    14    15 ar  
    25    14    17 ar  
    26    15    16 1   
    27    15    19 ar  
    28    17    18 ar  
    29    17    25 1   
    30    18    20 ar  
    31    18    21 1   
    32    19    20 ar  
    33    19    22 1   
    34    20    30 1   
    35    30    34 ar  
    36    30    35 ar  
    37    31    32 ar  
    38    31    33 ar  
    39    31    36 1   
    40    32    34 ar  
    41    32    37 1   
    42    33    35 ar  
    43    33    40 1   
    44    34    38 1   
    45    35    39 1   
