     1     1     2 ar  
     2     1     3 ar  
     3     1     7 ar  
     4     2     4 ar  
     5     2     9 ar  
     6     3     5 ar  
     7     3    11 1   
     8     4     6 ar  
     9     4    14 1   
    10     5     6 ar  
    11     5    16 1   
    12     6    15 1   
    13     7     8 ar  
    14     7    12 1   
    15     8    10 ar  
    16     8    17 ar  
    17     9    10 ar  
    18     9    13 1   
    19    10    19 ar  
    20    17    18 ar  
    21    17    21 1   
    22    18    20 ar  
    23    18    23 ar  
    24    19    20 ar  
    25    19    22 1   
    26    20    25 ar  
    27    23    24 ar  
    28    23    27 1   
    29    24    26 ar  
    30    24    29 ar  
    31    25    26 ar  
    32    25    28 1   
    33    26    31 ar  
    34    29    30 ar  
    35    29    33 1   
    36    30    32 ar  
    37    30    34 1   
    38    31    32 ar  
    39    31    36 1   
    40    32    35 1   