     1     1     2 ar  
     2     1     3 ar  
     3     1     7 1   
     4     2     4 ar  
     5     2     9 1   
     6     3     5 ar  
     7     3    21 1   
     8     4     6 ar  
     9     4    24 1   
    10     5     6 ar  
    11     5    22 1   
    12     6    23 1   
    13     7     8 2   
    14     7    10 1   
    15     8     9 1   
    16     8    12 1   
    17    10    11 1   
    18    11    12 ar  
    19    11    13 ar  
    20    12    15 ar  
    21    13    14 ar  
    22    13    17 1   
    23    14    16 ar  
    24    14    18 1   
    25    15    16 ar  
    26    15    20 1   
    27    16    19 1   
